2318129864
2665023714
451697814
1486763929
260790059
1910887358
1839539258
578273261
152912724
14624399
2615182334
2467891088
971449141
1958058824
14750188
1417570256
929218656
110069962
1629244040
140368967
2317438111
2293900994
1165142478
2256716887
874853976
62031438
2228945342
131875216
1524141168
211708358
1640257027
134830792
1198156375
1948555680
288328094
496689162
569718765
58399314
126174259
1491878317
1607289974
1095415634
1301090208
188236865
598402271
1119331478
963981295
129200457
975748086
483682239
510211362
278371294
128966489
89393636
124992616
734958452
4343771
599480128
300471432
554196160
16155299
98908290
493279568
502508353
319493167
160885066
462965183
70811657
394276804
288672362
87628422
111546968
88894632
323786384
149001382
315095072
27198034
49007836
270293461
315122543
113247416
151795439
154497756
269389051
246147072
255817201
3523861
6632072
229179166
251604889
132240141
242911010
215042742
89423246
127288218
130725807
125494182
99242835
89206311
198510148
95057804
163771842
224699128
4653091
221064482
223175946
84981787
19439750
205610634
177059772
102395275
215473993
5674042
194603360
183143822
152251796
5598402
155440148
14933803
198359146
196587923
14281050
189451371
122629412
18442502
144180529
71104734
15208003
33137886
135144158
126779015
5381362
166453926
5420902
167250129
7794782
130011643
87195565
137896204
20757201
163811020
9986412
2158391
91488118
3930731
159719980
151094975
16585345
137380462
92904288
108680452
140695465
99795256
69835334
20066222
6179912
133403319
141590426
143771315
142172162
21144114
6125142
37429940
15339671
128302044
6587632
131180667
38363689
15279072
15188109
15325177
100547953
77131555
5467132
55823930
98994626
90681932
97955924
74371662
14122448
94375342
94197821
59488081
5617572
63450235
40050196
88549953
85713000
85302666
82020339
9848962
53960538
44663255
75263754
67916441
14556482
14053141
58841398
15633094
23732225
30838013
16868338
14598722
14900361
15356097
8901622
16038308
15571294
15366638
15297462
14376922
13727622
9423452
14773295
10411252
6198612
11472782
6195862
6080792
11218092
8055602
6264342
6099692
7836872
